000000000000000000000000000000
010001000000000000000001000000
000000000000000000000000000000
000000000000011000000000000000
000000000000000100000000000000
000000010000000000000000000000
000000000000000000000000000000
000000000000000000000000000000
000000000000000010000000000000
000100000000000000000000000000
000000100000000000000000000000
000000000000000000000000100000
000000100000000000000001000000
000000000000001000000000000000
000000000000001000000000000000
000000000000000000010000000000
000000000000000000000000000000
000000000000000000000000000000
000000000000100000000000001000
000100000000000000000000000000
000000000000100000000000000000
000000000010000000000000000000
000000000000000000000000000000
000000000001000000000000001000
000000000000000000000000001000
000000000000010000000000000000
000100000000000000000000000000
000000000000000000000100000000
000000000000000000000000010000
000000000000000000000000000000